175341109	POLYGON ((-50.2432843 -20.2923686, -50.2418091 -20.2917296, -50.2425655 -20.2901346, -50.2432522 -20.2904516, -50.2437725 -20.2906529, -50.2432843 -20.2923686))	[landuse#cemetery]
139346124	POLYGON ((132.4811997 34.3705147, 132.4812415 34.3703846, 132.4813955 34.3704248, 132.4814476 34.3704099, 132.4814771 34.3703547, 132.481681 34.3704145, 132.481826 34.3704865, 132.4818849 34.3705725, 132.4820227 34.3706446, 132.4819558 34.3707222, 132.4818505 34.3707176, 132.4817599 34.3706671, 132.4817089 34.3706278, 132.4816115 34.3706278, 132.4813442 34.3706512, 132.4812932 34.370625, 132.4812547 34.3705399, 132.4811997 34.3705147))	[source#Bing,landuse#cemetery]
206498158	POLYGON ((14.904916 49.813324, 14.9049939 49.8133334, 14.9053211 49.8133652, 14.905247 49.8135948, 14.9051789 49.8138061, 14.9047777 49.8137658, 14.9048969 49.8133893, 14.904916 49.813324))	[barrier#wall,landuse#cemetery]
304220145	POLYGON ((12.3179317 58.3717588, 12.3189125 58.3724835, 12.3192776 58.3726861, 12.3212331 58.3735549, 12.3207804 58.3742574, 12.3173855 58.3735928, 12.3170868 58.3732162, 12.3170687 58.3730453, 12.3173855 58.3725484, 12.3175243 58.3722398, 12.3173614 58.3720246, 12.3174247 58.3719123, 12.3175967 58.3717793, 12.3179317 58.3717588))	[religion#christian,source#Bing,landuse#cemetery]
42450646	POLYGON ((7.1438054 43.6712317, 7.1438068 43.6711722, 7.143901 43.6709439, 7.1443671 43.6698691, 7.1444413 43.6696966, 7.1444829 43.6694511, 7.1444201 43.6690273, 7.1448821 43.6690196, 7.1450667 43.669303, 7.1449617 43.6699568, 7.1450123 43.6699755, 7.1449494 43.6701089, 7.1440113 43.6712973, 7.1438054 43.6712317))	[name#Vieux Cimetière,landuse#cemetery]
88869897	POLYGON ((-38.490839 -12.9628917, -38.4902684 -12.9635773, -38.489789 -12.9629946, -38.4902404 -12.9625008, -38.490839 -12.9628917))	[source#Bing,landuse#cemetery]
150302390	POLYGON ((2.7789415 48.7008138, 2.7792044 48.7006174, 2.7802096 48.7011651, 2.7799642 48.7013584, 2.7789415 48.7008138))	[source#cadastre-dgi-fr source : Direction Générale des Impôts - Cadastre. Mise à jour : 2012,landuse#cemetery]
229832999	POLYGON ((4.8184514 45.0837931, 4.8183688 45.083554, 4.818348 45.0835639, 4.818266 45.083289, 4.81826 45.083267, 4.818333 45.083251, 4.8189842 45.0831153, 4.8189672 45.0830528, 4.8196486 45.0829387, 4.8198445 45.0835262, 4.8184514 45.0837931))	[source#cadastre-dgi-fr source : Direction Generale des Impots - Cadastre. Mise a jour : 2013,landuse#cemetery]
3084373	POLYGON ((-47.588212 -21.4480392, -47.5879295 -21.447659, -47.589524 -21.4466605, -47.5893217 -21.4478903, -47.5884909 -21.4484145, -47.588212 -21.4480392))	[type#multipolygon,landuse#cemetery]
151370793	POLYGON ((-53.6525207 48.8606433, -53.6518236 48.8608919, -53.651309 48.8611306, -53.6517483 48.8616106, -53.6522047 48.861467, -53.6528785 48.861105, -53.6525207 48.8606433))	[source#NRCan-CanVec-8.0,landuse#cemetery]
314580064	POLYGON ((46.8092978 52.071073, 46.810123 52.07062, 46.8109642 52.0714547, 46.8102632 52.0718732, 46.8097224 52.0716492, 46.8092978 52.071073))	[landuse#cemetery]
84867048	POLYGON ((1.7228832 49.9427213, 1.7238018 49.9425449, 1.7238627 49.9427264, 1.7230954 49.9428151, 1.7228184 49.9428586, 1.7228832 49.9427213))	[source#cadastre-dgi-fr source : Direction Générale des Impôts - Cadastre. Mise à jour : 2010,landuse#cemetery]
133330941	POLYGON ((4.5886479 51.8671834, 4.5888805 51.867321, 4.5886428 51.8674716, 4.5876111 51.8681359, 4.5872147 51.8678975, 4.5878546 51.8675252, 4.588553 51.8671218, 4.5886479 51.8671834))	[source#3dShapes,landuse#cemetery]
216980772	POLYGON ((-8.1348823 43.0608555, -8.1348206 43.0605321, -8.1345605 43.0605949, -8.1343915 43.0606752, -8.13443 43.0608457, -8.1348823 43.0608555))	[landuse#cemetery]
262844668	POLYGON ((74.6872269 54.4814431, 74.6880489 54.4821137, 74.6866118 54.4825896, 74.6860579 54.4819342, 74.6872269 54.4814431))	[landuse#cemetery]
202523792	POLYGON ((4.7320849 43.4221558, 4.7326335 43.4217516, 4.7335756 43.422454, 4.7331143 43.4228493, 4.732798 43.4226564, 4.7320849 43.4221558))	[landuse#cemetery]
32788757	POLYGON ((-100.5954329 30.8694805, -100.5954329 30.86923, -100.594772 30.86923, -100.5946518 30.8693184, -100.5946518 30.8695173, -100.5954329 30.8694805))	[created_by#Potlatch 0.10f,landuse#cemetery]
175633344	POLYGON ((-79.5723029 44.1447278, -79.571182 44.1449092, -79.5715261 44.1466584, -79.5727213 44.1465175, -79.5723358 44.1448154, -79.5723029 44.1447278))	[source#NRCan-CanVec-10.0,landuse#cemetery]
301849519	POLYGON ((8.2310129 50.6148455, 8.23075 50.6146855, 8.2305998 50.6144608, 8.2315279 50.6142055, 8.2317907 50.614563, 8.2310129 50.6148455))	[name#Friedhof Haiern,landuse#cemetery]
102654922	POLYGON ((43.5178813 41.4488408, 43.5179237 41.4487953, 43.5194883 41.4490499, 43.5188334 41.4503453, 43.518985 41.4504044, 43.5187727 41.4509908, 43.5175477 41.4507226, 43.5176751 41.450059, 43.5173719 41.4499226, 43.5178813 41.4488408))	[religion#christian,source#JumpStart International,denomination#orthodox,landuse#cemetery]
145182602	POLYGON ((-96.7778943 46.6738119, -96.7778833 46.6747828, -96.7790806 46.6747828, -96.7791061 46.6738119, -96.7778943 46.6738119))	[name#Clara Cemetery,landuse#cemetery]
55948563	POLYGON ((82.8176318 54.9191738, 82.8179076 54.9190081, 82.8180821 54.9189033, 82.8192692 54.9190139, 82.8203663 54.9198365, 82.8206661 54.920564, 82.8202272 54.9206725, 82.8197908 54.9203568, 82.8196581 54.9202608, 82.8187248 54.920522, 82.8183795 54.9203297, 82.8182008 54.9202302, 82.818078 54.9199079, 82.8180444 54.9198526, 82.8176791 54.9192517, 82.8176318 54.9191738))	[landuse#cemetery,amenity#grave_yard]
276688880	POLYGON ((9.2929746 46.1419103, 9.2930842 46.1417218, 9.2932769 46.1418108, 9.293481 46.141562, 9.2939383 46.1418161, 9.2938665 46.1418868, 9.2934924 46.1419941, 9.2929746 46.1419103))	[landuse#cemetery]
173007713	POLYGON ((2.2734805 36.6282093, 2.2733634 36.6282034, 2.2732874 36.6281684, 2.2731721 36.6279488, 2.2731747 36.6279101, 2.2732096 36.6278477, 2.2732686 36.627824, 2.2734242 36.6278003, 2.2734805 36.6277637, 2.2734305 36.6275813, 2.2734054 36.6275463, 2.2734349 36.6274753, 2.2734993 36.6274731, 2.2735663 36.6274817, 2.2738506 36.6274688, 2.2741511 36.6274042, 2.2743469 36.6274731, 2.2744175 36.6273854, 2.2747197 36.6274753, 2.2748896 36.6275189, 2.2748538 36.6276281, 2.2746133 36.6277276, 2.2742807 36.6278482, 2.2741869 36.627874, 2.2740688 36.6279192, 2.2739526 36.6280026, 2.2738158 36.6281017, 2.2736388 36.6281641, 2.2734805 36.6282093))	[landuse#cemetery]
2726437	POLYGON ((-39.3217305 -7.2016245, -39.3223671 -7.2017231, -39.3222992 -7.2019218, -39.322521 -7.2020496, -39.3217268 -7.2037426, -39.321158 -7.2026459, -39.3217305 -7.2016245))	[type#multipolygon,name#Socorro Cemetary,landuse#cemetery]
210835612	POLYGON ((24.1477016 40.8621136, 24.1479712 40.8617146, 24.1485782 40.8620667, 24.1480642 40.8622735, 24.1477016 40.8621136))	[religion#christian,barrier#wall,landuse#cemetery,denomination#greek_orthodox]
207876461	POLYGON ((7.2673772 46.3844072, 7.2677959 46.3844523, 7.267758 46.3846446, 7.267423 46.3846166, 7.2673981 46.3845031, 7.2673772 46.3844072))	[source#bing,barrier#hedge,landuse#cemetery]
247012301	POLYGON ((25.778193 45.7135719, 25.7791517 45.7133675, 25.7792053 45.7132701, 25.7793663 45.7132326, 25.7798437 45.7133862, 25.7799724 45.7139405, 25.778288 45.7142964, 25.778193 45.7135719))	[landuse#cemetery]
116350419	POLYGON ((21.9380323 39.3644676, 21.9395421 39.3646455, 21.9390891 39.3662518, 21.9386074 39.3659711, 21.9377375 39.3657044, 21.9380323 39.3644676))	[landuse#cemetery]
218464735	POLYGON ((5.1809003 50.7411574, 5.1809678 50.741123, 5.1810457 50.7411801, 5.1812877 50.7410477, 5.1815102 50.7412235, 5.181018 50.7414636, 5.1808402 50.7412901, 5.1809705 50.7412195, 5.1809003 50.7411574))	[landuse#cemetery]
180219904	POLYGON ((4.523597 45.683632, 4.523613 45.683618, 4.523768 45.683488, 4.523936 45.683349, 4.524295 45.683559, 4.52452 45.683698, 4.524393 45.683786, 4.524293 45.683855, 4.524236 45.683869, 4.523912 45.68374, 4.523825 45.683706, 4.523813 45.683714, 4.523661 45.683654, 4.523597 45.683632))	[source#cadastre-dgi-fr source : Direction Générale des Impôts - Cadastre. Mise à jour : 2012,landuse#cemetery]
236869036	POLYGON ((-3.0907207 53.3734028, -3.090343 53.3734991, -3.0904366 53.3736751, -3.0904541 53.3737051, -3.0908671 53.3737214, -3.0907207 53.3734028))	[landuse#cemetery]
250012186	POLYGON ((22.0964959 44.0405012, 22.0972077 44.0404557, 22.0976506 44.0406035, 22.0979274 44.0409105, 22.0979432 44.0413027, 22.0978483 44.0414733, 22.0978799 44.0421043, 22.0977613 44.0425534, 22.0974766 44.042832, 22.0971365 44.0428718, 22.096836 44.042616, 22.0965434 44.0423943, 22.0962982 44.0419679, 22.0964959 44.0405012))	[landuse#cemetery]
293035859	POLYGON ((35.1397809 48.8478185, 35.1400136 48.8476116, 35.1408941 48.8474874, 35.141045 48.8477978, 35.140957 48.8480834, 35.140435 48.8484269, 35.1397809 48.8478185))	[landuse#cemetery]
55636948	POLYGON ((17.7537856 48.6141135, 17.7535255 48.6138558, 17.7537188 48.6137785, 17.7538579 48.6137701, 17.7539009 48.6138225, 17.7541612 48.6140248, 17.754148 48.6140295, 17.7542878 48.6141477, 17.7539319 48.6142636, 17.7537856 48.6141135))	[source#kapor2,landuse#cemetery]
71217713	POLYGON ((21.98186 62.6737646, 21.9815743 62.6749012, 21.9738135 62.6733493, 21.9769083 62.6686497, 21.9840026 62.6699176, 21.9828599 62.6710543, 21.98186 62.6737646))	[landuse#cemetery]
219518839	POLYGON ((0.1479074 47.9589829, 0.1480256 47.9589158, 0.1480908 47.9589364, 0.1484131 47.95902, 0.148654 47.95908, 0.1489927 47.9591666, 0.1491512 47.9592222, 0.1493436 47.9592809, 0.1496723 47.9594168, 0.1497194 47.9594627, 0.1496918 47.9596722, 0.1496491 47.9596925, 0.1496145 47.9597281, 0.14961 47.9597498, 0.1496049 47.9597747, 0.14963 47.959806, 0.1496825 47.9598248, 0.1496545 47.9600987, 0.1495067 47.9600936, 0.1479782 47.9600591, 0.1479074 47.9589829))	[religion#christian,landuse#cemetery,source#cadastre-dgi-fr source : Direction Générale des Impôts - Cadastre ; mise à jour : 2008,name#Nouveau cimetière]
260631435	POLYGON ((27.9702748 43.6145011, 27.9708189 43.6139433, 27.9714164 43.6142566, 27.9709131 43.6147877, 27.9702748 43.6145011))	[religion#christian,landuse#cemetery]
60045272	POLYGON ((15.1677832 50.7739671, 15.1679663 50.7739439, 15.168272 50.7739052, 15.1685515 50.774855, 15.1680982 50.7749174, 15.1677832 50.7739671))	[landuse#cemetery]
34773591	POLYGON ((-83.8542363 33.670545, -83.8539459 33.671315, -83.8554465 33.6715196, -83.855655 33.6714631, -83.8556354 33.6708229, -83.8554833 33.6705481, -83.8542363 33.670545))	[LandPro08:LU_NAME#CEMETERIES,LandPro08:LC#172,source#LandPro08,LandPro08:LC_NAME#CEMETERIES,LandPro08:DE3#UNDEVELOPABLE,landuse#cemetery,LandPro08:LU#172,LandPro08:LCLU#172172,LandPro08:DE5#AU]
303065538	POLYGON ((15.6953696 38.2119973, 15.6953739 38.2117406, 15.6957977 38.2118207, 15.6958085 38.2117616, 15.6958685 38.2117612, 15.6959372 38.2116942, 15.6958471 38.2116558, 15.6958836 38.2115678, 15.696302 38.2117153, 15.6965541 38.2119345, 15.6965176 38.211972, 15.696287 38.2119593, 15.6962387 38.2120816, 15.6960938 38.2122881, 15.695611 38.2120773, 15.6953696 38.2119973))	[landuse#cemetery]
138666362	POLYGON ((-89.238505 13.6726287, -89.2380973 13.6725922, -89.2378259 13.6718241, -89.2371384 13.6720352, -89.236925 13.6720648, -89.2367786 13.6720391, -89.2366424 13.6719759, -89.2365245 13.671887, -89.23649 13.6718633, -89.2364188 13.6718021, -89.2363863 13.6716955, -89.2363416 13.6715513, -89.2361505 13.671652, -89.2363416 13.6721892, -89.236307 13.6726139, -89.2363965 13.6736449, -89.236803 13.673641, -89.2373519 13.6739214, -89.2376306 13.673765, -89.2379262 13.673496, -89.2381188 13.6735617, -89.2381993 13.6732177, -89.2382744 13.6729779, -89.2384353 13.6728424, -89.2385158 13.6727225, -89.238505 13.6726287))	[name#Cementerio General de Antiguo Cuscatlan,landuse#cemetery]
292680180	POLYGON ((121.7167245 30.8543257, 121.7167269 30.8541974, 121.7168997 30.8541894, 121.716902 30.8543197, 121.7167245 30.8543257))	[name#棕榈苑23区,landuse#cemetery]
199965649	POLYGON ((-2.0582783 48.2689325, -2.059474 48.268518, -2.059445 48.268482, -2.0592736 48.268293, -2.0591297 48.2681344, -2.0580397 48.2682932, -2.0582783 48.2689325))	[landuse#cemetery]
233492445	POLYGON ((29.8904623 59.3209866, 29.8894814 59.3205311, 29.8893685 59.3201381, 29.8905759 59.3199391, 29.8912524 59.3201799, 29.8908882 59.3210633, 29.8904623 59.3209866))	[religion#christian,source#bing,denomination#orthodox,landuse#cemetery]
284624818	POLYGON ((-65.2378901 -21.4397825, -65.2380715 -21.4402964, -65.2376988 -21.4403454, -65.2374275 -21.4404019, -65.237387 -21.440198, -65.2373907 -21.4401563, -65.2374952 -21.4399821, -65.2375568 -21.4399248, -65.2376558 -21.4398744, -65.2378901 -21.4397825))	[source#bing,landuse#cemetery]
90680344	POLYGON ((14.4007014 53.3403698, 14.4003947 53.3397748, 14.4008656 53.3396898, 14.4012051 53.3403044, 14.4007014 53.3403698))	[landuse#cemetery]
62802203	POLYGON ((-66.0415704 -17.4118644, -66.0395473 -17.4123366, -66.0392411 -17.4110206, -66.0414394 -17.4105866, -66.0414856 -17.4106259, -66.0415704 -17.4118644))	[fixme#yes,landuse#cemetery,addr:country#BO,name#Cementerio General de Sacaba]
23461728	POLYGON ((9.1843095 45.5286149, 9.1843375 45.5287733, 9.1846353 45.5304573, 9.184699 45.5308576, 9.1840552 45.5311094, 9.1843235 45.5327009, 9.1834755 45.5330301, 9.1807803 45.5332551, 9.1807719 45.5332406, 9.1799059 45.533071, 9.1796431 45.531489, 9.1789323 45.5313462, 9.1788089 45.5306604, 9.1789711 45.5303129, 9.1790065 45.5302152, 9.1790286 45.5301049, 9.1790038 45.5299428, 9.1788902 45.5295972, 9.1793225 45.5295298, 9.1792922 45.5294542, 9.1795384 45.5294089, 9.1795081 45.5292226, 9.1794847 45.5290782, 9.181143 45.5289873, 9.1821956 45.5288807, 9.1836757 45.5286946, 9.1843095 45.5286149))	[name#Cimitero di Bruzzano,landuse#cemetery]
52721347	POLYGON ((7.5040982 47.5580014, 7.5039971 47.5579734, 7.5036817 47.5583543, 7.5031758 47.5582375, 7.5035956 47.5576808, 7.504208 47.5578733, 7.5040982 47.5580014))	[landuse#cemetery]
145187470	POLYGON ((2.7587189 50.3029144, 2.7590158 50.3030457, 2.7586181 50.3034113, 2.7583214 50.3032811, 2.7587189 50.3029144))	[name#Sainte-Catherine British Cemetery (CWGC),landuse#cemetery]
149360400	POLYGON ((120.436152 17.4822041, 120.4360596 17.4809558, 120.4367152 17.4808021, 120.437091 17.4807934, 120.4372731 17.4808175, 120.437434 17.4809403, 120.437477 17.4810733, 120.4374504 17.4812437, 120.437595 17.481324, 120.4376647 17.4814468, 120.4376647 17.481631, 120.4375521 17.481718, 120.437257 17.4819534, 120.4371983 17.4820521, 120.4371283 17.4821171, 120.4367367 17.4821785, 120.436152 17.4822041))	[name#Santa Public Cemetery,landuse#cemetery]
107181346	POLYGON ((22.7966739 43.9205792, 22.7964806 43.9199081, 22.7978752 43.9198068, 22.7980861 43.9203808, 22.7969857 43.9205807, 22.7966739 43.9205792))	[landuse#cemetery]
242760811	POLYGON ((-83.2844197 33.8941417, -83.2845654 33.8947325, -83.2851377 33.8946898, -83.2851687 33.8946875, -83.2851622 33.8946274, -83.2851038 33.8940887, -83.285081 33.8940904, -83.2844197 33.8941417))	[OWNER_NAME#CEMETERY,landuse#cemetery]
32538568	POLYGON ((2.9792213 43.9500345, 2.9791506 43.9497894, 2.9794993 43.949735, 2.9795816 43.94998, 2.9792213 43.9500345))	[source#cadastre-dgi-fr source : Direction Générale des Impôts - Cadastre ; mise à jour : 2009,landuse#cemetery]
137892364	POLYGON ((4.375958 51.9147731, 4.3759796 51.9147469, 4.3764177 51.9141445, 4.3769919 51.9133685, 4.3770602 51.9133891, 4.3772651 51.913447, 4.3774142 51.913496, 4.3775077 51.9135336, 4.3776145 51.9136037, 4.3777034 51.9136909, 4.3777327 51.9137839, 4.3777307 51.9138749, 4.3777048 51.9139373, 4.3776374 51.9139819, 4.377311 51.914123, 4.3769968 51.9142652, 4.3768093 51.9143672, 4.3763642 51.9146542, 4.376198 51.9147435, 4.3760853 51.9147835, 4.3760047 51.9147938, 4.375958 51.9147731))	[source#3dShapes,landuse#cemetery]
128352066	POLYGON ((-94.3915633 49.9828465, -94.3913892 49.9834884, -94.3919605 49.9835991, -94.3921641 49.9829496, -94.3915633 49.9828465))	[source#NRCan-CanVec-7.0,landuse#cemetery]
183900921	POLYGON ((-57.7996001 -18.9604599, -57.7996931 -18.959668, -57.8010572 -18.9596302, -57.8010717 -18.9604292, -57.7996001 -18.9604599))	[name#Cementerio General,landuse#cemetery]
138523120	POLYGON ((-75.2939135 43.674113, -75.2952493 43.6740591, -75.2951717 43.6729604, -75.2938514 43.673012, -75.2939135 43.674113))	[landuse#cemetery]
110177245	POLYGON ((7.0364292 52.8143143, 7.0363791 52.8137235, 7.0363564 52.8133176, 7.0363078 52.812779, 7.0365887 52.8127403, 7.0365883 52.8128161, 7.0366044 52.8128614, 7.0368095 52.8132479, 7.0369731 52.8132355, 7.0369666 52.812989, 7.0369783 52.8127585, 7.0370292 52.8127437, 7.0372592 52.8127338, 7.0374912 52.8127261, 7.0375445 52.8127254, 7.0375727 52.8127227, 7.0379727 52.8127099, 7.0386231 52.8126975, 7.0394242 52.812674, 7.0395884 52.8126645, 7.0396541 52.8127225, 7.0397692 52.8127872, 7.039734 52.8128254, 7.0397197 52.8128772, 7.0397154 52.8129453, 7.0397297 52.8130181, 7.0397295 52.8130732, 7.0397163 52.813093, 7.0396436 52.8131316, 7.0396002 52.8131491, 7.0395582 52.8131525, 7.0395213 52.8131575, 7.039492 52.8131793, 7.0394673 52.8132004, 7.0394444 52.8132091, 7.0393657 52.813213, 7.039231 52.8132778, 7.0390259 52.8133458, 7.0389706 52.8133427, 7.0389221 52.8133473, 7.0388935 52.8134145, 7.0388948 52.8134482, 7.0389236 52.8135225, 7.0384951 52.8137408, 7.0383943 52.8136972, 7.0373686 52.8142564, 7.0370555 52.8142882, 7.0364292 52.8143143))	[source#3dShapes,landuse#cemetery]
309418608	POLYGON ((3.2320418 48.503103, 3.232192 48.5035476, 3.2309111 48.5034433, 3.230961 48.5030109, 3.2312435 48.5030275, 3.2320418 48.503103))	[landuse#cemetery]
223478944	POLYGON ((19.4176949 51.1440608, 19.4186529 51.1433029, 19.4202935 51.1436527, 19.4189381 51.144507, 19.4176949 51.1440608))	[religion#christian,denomination#roman_catholic,landuse#cemetery]
98873321	POLYGON ((34.286581 45.4597264, 34.2865598 45.4596374, 34.2867607 45.4579278, 34.2878287 45.4580279, 34.2874851 45.4597784, 34.286581 45.4597264))	[source#Bing,landuse#cemetery]
54845165	POLYGON ((32.1004227 49.6137443, 32.1005581 49.6136592, 32.1008947 49.6135044, 32.101061 49.6134155, 32.1013511 49.6133149, 32.1015794 49.6132569, 32.1016258 49.6133884, 32.1016916 49.6134774, 32.1017573 49.6135199, 32.1018153 49.613605, 32.1017148 49.6137791, 32.1014788 49.6139222, 32.1014169 49.6139532, 32.1013976 49.6140112, 32.1013318 49.6140499, 32.1010301 49.6141389, 32.1009024 49.6141156, 32.1006316 49.6142549, 32.1004227 49.6137443))	[religion#christian,landuse#cemetery,denomination#orthodox,name#Хвилівське кладовище]
174149786	POLYGON ((34.8766423 44.8477419, 34.8778179 44.8473747, 34.8784856 44.8475641, 34.8777202 44.8482637, 34.8768572 44.8483745, 34.8766423 44.8477419))	[source#Bing,landuse#cemetery]
251440508	POLYGON ((-71.116686 42.3107664, -71.1170812 42.3105862, -71.1166098 42.3100848, -71.1162207 42.3102955, -71.116686 42.3107664))	[landuse#cemetery]
200180415	POLYGON ((41.7417468 54.2234662, 41.7426286 54.2238179, 41.7422577 54.2242081, 41.7413842 54.2238372, 41.7417468 54.2234662))	[religion#christian,source#Bing,barrier#fence,landuse#cemetery]
84055970	POLYGON ((5.3986368 52.9000081, 5.3989494 52.9000732, 5.3991382 52.9001832, 5.39903 52.9003652, 5.3984804 52.9002428, 5.3984848 52.9001951, 5.3984005 52.9001367, 5.3984206 52.9000541, 5.3984984 52.8999676, 5.3986368 52.9000081))	[source#3dShapes,landuse#cemetery]
314331202	POLYGON ((20.8950636 52.297312, 20.8953626 52.2971747, 20.8957305 52.2974823, 20.8954334 52.2976188, 20.8950636 52.297312))	[cemetery#sector,name#C VII 1,landuse#cemetery]
58855252	POLYGON ((17.47214 49.0389831, 17.4720765 49.0390034, 17.472066 49.0389893, 17.4720432 49.0389586, 17.4720205 49.0389658, 17.4719464 49.0388664, 17.4719785 49.0388544, 17.471953 49.0388223, 17.4718945 49.0387411, 17.4727014 49.0380175, 17.4729718 49.0375169, 17.4732422 49.0374409, 17.4736523 49.0381812, 17.4738811 49.0386019, 17.47214 49.0389831))	[barrier#wall,name#Hřbitov,landuse#cemetery]
56691549	POLYGON ((14.9507771 49.5428613, 14.9514713 49.5424559, 14.9518531 49.5426135, 14.9512457 49.5430583, 14.9507771 49.5428613))	[source#uhul:ortofoto,landuse#cemetery]
223721185	POLYGON ((38.1786272 58.9058388, 38.1799635 58.9052758, 38.1824428 58.9059115, 38.1812998 58.9070193, 38.1805965 58.9068105, 38.1786272 58.9058388))	[source#IRS,landuse#cemetery]
80403918	POLYGON ((31.4731732 49.7467724, 31.4731042 49.7463336, 31.473126 49.7459957, 31.4728137 49.7458479, 31.4727451 49.7458155, 31.4731854 49.7455781, 31.4743321 49.7452526, 31.474348 49.7455535, 31.4738221 49.7457459, 31.4739648 49.7460169, 31.4737578 49.7464955, 31.4731732 49.7467724))	[landuse#cemetery]
292618823	POLYGON ((17.151045 50.6878414, 17.1510207 50.6872187, 17.1515969 50.6870601, 17.1528912 50.6870235, 17.1530596 50.6870249, 17.1530967 50.6880798, 17.1510803 50.6880977, 17.151045 50.6878414))	[landuse#cemetery]
89176145	POLYGON ((-74.9355515 11.0171901, -74.9354874 11.0168263, -74.9348948 11.0172129, -74.9348417 11.017409, -74.9349015 11.0175537, -74.9351668 11.0174961, -74.9355515 11.0171901))	[religion#christian,landuse#cemetery]
125872208	POLYGON ((41.8557364 41.9394758, 41.8558762 41.9394735, 41.8560222 41.9394758, 41.8561175 41.9394782, 41.8562509 41.93949, 41.8563303 41.9394947, 41.8565589 41.9395278, 41.8568479 41.9395585, 41.8571305 41.9395727, 41.8573592 41.9396341, 41.8575307 41.9396908, 41.8575974 41.9397238, 41.8576323 41.9397805, 41.8576132 41.9398372, 41.8575497 41.9399223, 41.857483 41.9399955, 41.8574513 41.9400427, 41.8574195 41.9401042, 41.8573814 41.9401514, 41.857337 41.9401916, 41.8572671 41.9402364, 41.8572068 41.9402695, 41.8571274 41.9403049, 41.8569876 41.9403333, 41.8569305 41.9403498, 41.8568098 41.9403735, 41.8566669 41.9403923, 41.8565811 41.9404042, 41.8564605 41.9404136, 41.8563747 41.9404207, 41.8562572 41.940442, 41.8562223 41.940449, 41.856162 41.9404774, 41.8560667 41.9405175, 41.8559714 41.9405483, 41.8560254 41.9404609, 41.8561524 41.9403357, 41.8562223 41.9402223, 41.8562255 41.9401065, 41.8560572 41.9398986, 41.8558762 41.9396648, 41.8557841 41.9395868, 41.855711 41.9395632, 41.8556602 41.939542, 41.8556316 41.9395301, 41.8556235 41.9395031, 41.8556365 41.9394874, 41.8556576 41.9394765, 41.8556788 41.9394693, 41.8557364 41.9394758))	[landuse#cemetery]
202726551	POLYGON ((4.2588222 43.9234808, 4.2585466 43.9239364, 4.2583981 43.9239002, 4.2583381 43.9240072, 4.2579524 43.9238777, 4.2576696 43.9243782, 4.2570103 43.9242755, 4.2572428 43.9237906, 4.2574105 43.9238294, 4.2575818 43.923479, 4.2577304 43.9231753, 4.2588222 43.9234808))	[landuse#cemetery]
45397089	POLYGON ((12.6997064 53.5185123, 12.698329 53.5190455, 12.6970189 53.5178518, 12.6967821 53.5177183, 12.6980728 53.5169506, 12.6997064 53.5185123))	[name#Neuer Friedhof,landuse#cemetery]
197549726	POLYGON ((33.4939451 49.4590474, 33.4950997 49.4586075, 33.4954978 49.4590918, 33.4962486 49.4600604, 33.4952931 49.4606445, 33.4951054 49.4605557, 33.4939451 49.4590474))	[landuse#cemetery]
201933513	POLYGON ((-88.8323192 35.5685098, -88.8322709 35.5690117, -88.8332042 35.5690117, -88.8332371 35.5685259, -88.8325564 35.5684973, -88.8323192 35.5685098))	[gnis:created#05/19/1980,gnis:county_id#113,name#Bemis Cemetery,gnis:feature_id#1276987,landuse#cemetery,gnis:state_id#47,ele#129]
41396404	POLYGON ((-4.3206483 48.6521984, -4.3207464 48.6515859, -4.3196438 48.6514944, -4.3195295 48.6518647, -4.3196164 48.6521243, -4.3206483 48.6521984))	[source#cadastre-dgi-fr source : Direction Générale des Impôts - Cadastre ; mise à jour : 2009,landuse#cemetery]
224736582	POLYGON ((3.5290423 45.3728644, 3.5290852 45.3725403, 3.529568 45.3725328, 3.5295358 45.3728569, 3.5290423 45.3728644))	[name#Cimetière,landuse#cemetery]
88819807	POLYGON ((29.9113725 55.2149495, 29.9076443 55.2133887, 29.9138421 55.2120777, 29.9152315 55.2135414, 29.9159981 55.2139538, 29.9156038 55.214616, 29.9147059 55.2151283, 29.9113725 55.2149495))	[landuse#cemetery]
55639545	POLYGON ((19.5244873 49.0695427, 19.524461 49.0701578, 19.5238269 49.0701492, 19.5237857 49.069549, 19.5244873 49.0695427))	[source#kapor2,landuse#cemetery]
98244355	POLYGON ((10.3684535 50.0193367, 10.3684145 50.0190945, 10.3689522 50.0190588, 10.3689912 50.019301, 10.3684535 50.0193367))	[religion#christian,landuse#cemetery]
230765802	POLYGON ((9.3242533 47.8320384, 9.324456 47.8318062, 9.3248234 47.8319386, 9.3244452 47.8323848, 9.3240777 47.8322633, 9.3242533 47.8320384))	[name#Friedhof Röhrenbach,landuse#cemetery]
41516935	POLYGON ((8.6670183 52.1669609, 8.6678229 52.1670464, 8.6677961 52.167257, 8.667021 52.1672159, 8.6669625 52.1675363, 8.6655506 52.1675543, 8.6649787 52.1674707, 8.6651641 52.1673523, 8.6653667 52.167238, 8.6658598 52.1668359, 8.6670183 52.1669609))	[barrier#fence,landuse#cemetery]
3875478	POLYGON ((9.1538996 52.6719114, 9.1524388 52.6721644, 9.1521938 52.6708443, 9.1528019 52.6707533, 9.153031 52.6707158, 9.1535695 52.6706585, 9.1554268 52.6704731, 9.1555345 52.6707672, 9.1558228 52.6711909, 9.1559159 52.6714339, 9.1538149 52.6716281, 9.1538996 52.6719114))	[religion#christian,type#multipolygon,denomination#lutheran,landuse#cemetery]
59413948	POLYGON ((6.1498078 52.0975478, 6.1499835 52.0975155, 6.1501297 52.0975044, 6.1501473 52.0975051, 6.1511728 52.0975482, 6.1516718 52.0975672, 6.1521041 52.0975896, 6.1520973 52.0981526, 6.1522053 52.0982221, 6.1521674 52.0984479, 6.1519828 52.0988918, 6.1518093 52.0993121, 6.1509097 52.0992394, 6.1508185 52.0993541, 6.1507135 52.099346, 6.1503468 52.0993338, 6.1503336 52.0992794, 6.149988 52.0982983, 6.1498456 52.0979062, 6.1497089 52.0976063, 6.1496595 52.0975296, 6.1496884 52.0975438, 6.1497173 52.0975515, 6.149747 52.0975544, 6.1497787 52.0975527, 6.1498078 52.0975478))	[source#3dShapes,landuse#cemetery]
161018237	POLYGON ((28.2308201 53.83285, 28.2296873 53.8327306, 28.2298896 53.832265, 28.2310022 53.8323605, 28.2308201 53.83285))	[landuse#cemetery]
132701662	POLYGON ((-5.4263757 40.9791687, -5.4265868 40.9794894, -5.4267458 40.9794781, -5.4270314 40.9793825, -5.426711 40.9790543, -5.4263757 40.9791687))	[landuse#cemetery]
179018593	POLYGON ((14.828864 50.2848746, 14.8289461 50.2846858, 14.829139 50.2846124, 14.8292005 50.2846189, 14.8296253 50.2843016, 14.829654 50.2842885, 14.8307354 50.2843842, 14.829659 50.285053, 14.829521 50.284986, 14.82949 50.285015, 14.8293421 50.2850411, 14.8289625 50.2849782, 14.828864 50.2848746))	[barrier#wall,landuse#cemetery]
40532777	POLYGON ((8.6784728 50.5279155, 8.6781519 50.5278509, 8.6782086 50.5277321, 8.6773302 50.5275873, 8.6775236 50.5272965, 8.6782841 50.5274526, 8.6784181 50.5271927, 8.6784789 50.5270808, 8.6787865 50.527141, 8.6788045 50.5269947, 8.679535 50.5276426, 8.6794605 50.527983, 8.6793449 50.5281141, 8.6784728 50.5279155))	[landuse#cemetery]
196032031	POLYGON ((-77.1017421 18.3999795, -77.1007638 18.4003826, -77.1010555 18.4009159, -77.1020446 18.400523, -77.1017421 18.3999795))	[source#Bing,landuse#cemetery]
113567887	POLYGON ((-70.5997412 -44.0563519, -70.6001858 -44.0572425, -70.5986148 -44.0576475, -70.5981702 -44.056757, -70.5997412 -44.0563519))	[name#Cementerio Municipal,landuse#cemetery]
215314148	POLYGON ((-1.3566476 49.4390056, -1.3566394 49.4389874, -1.356392 49.4390204, -1.3563874 49.4390474, -1.356097 49.4390774, -1.356077 49.4390524, -1.3560386 49.4390534, -1.3561201 49.4392153, -1.3561739 49.4392162, -1.3562716 49.4391992, -1.3565129 49.4391046, -1.3566193 49.4390466, -1.3566476 49.4390056))	[landuse#cemetery]
36448901	POLYGON ((12.5381262 46.0460701, 12.5381276 46.0459651, 12.5381466 46.045965, 12.5381525 46.0458141, 12.5381303 46.0458132, 12.5381334 46.045707, 12.5384811 46.0457126, 12.5384829 46.0456887, 12.5385536 46.0456914, 12.5390132 46.0457134, 12.5390141 46.0456933, 12.5391504 46.0456936, 12.5391388 46.0460779, 12.5391112 46.0460793, 12.5384894 46.0460729, 12.5381262 46.0460701))	[it:fvg:ctrn:revision#1A0,it:fvg:ctrn:code#4ACE,landuse#cemetery]
227852315	POLYGON ((7.3657617 44.9661289, 7.3653838 44.9661007, 7.3654408 44.9657754, 7.3659465 44.965825, 7.3659299 44.9660878, 7.3657985 44.9660898, 7.3657843 44.9660956, 7.36577 44.9661109, 7.36577 44.9661297, 7.3657617 44.9661289))	[name#Cimitero di San Gervasio,landuse#cemetery]
288530644	POLYGON ((44.8130312 52.8987824, 44.8125425 52.8979904, 44.8143839 52.897577, 44.8148725 52.8983691, 44.8130312 52.8987824))	[landuse#cemetery]
210014773	POLYGON ((-97.0650961 33.6911158, -97.0651043 33.6906951, -97.064525 33.6907005, -97.0645196 33.6911077, -97.0650961 33.6911158))	[name#Center Hill Cemetery,landuse#cemetery]
